objt1,1,2,2,1,1
objt2,1,3,3,1,1
objt3,1,3,3,3,1
objt4,1,2,3,1,0
objt5,1,2,4,1,0
objt6,1,3,2,1,0
objt7,1,3,4,1,0
objt8,1,4,2,1,0
objt9,1,4,3,1,0
objt10,1,4,4,1,0
objt11,1,2,2,2,0
objt12,1,2,3,2,0
objt13,1,2,4,2,0
objt14,1,3,2,2,0
objt15,1,3,3,2,0
objt16,1,3,4,2,0
objt17,1,4,2,2,0
objt18,1,4,3,2,0
objt19,1,4,4,2,0
objt20,1,2,2,3,0
objt21,1,2,3,3,0
objt22,1,2,4,3,0
objt23,1,3,2,3,0
objt24,1,3,4,3,0
objt25,1,4,2,3,0
objt26,1,4,3,3,0
objt27,1,4,4,3,0
objt28,1,2,2,4,0
objt29,1,2,3,4,0
objt30,1,2,4,4,0
objt31,1,3,2,4,0
objt32,1,3,3,4,0
objt33,1,3,4,4,0
objt34,1,4,2,4,0
objt35,1,4,3,4,0
objt36,1,4,4,4,0
objt37,1,2,2,5,0
objt38,1,2,3,5,0
objt39,1,2,4,5,0
objt40,1,3,2,5,0
objt41,1,3,3,5,0
objt42,1,3,4,5,0
objt43,1,4,2,5,0
objt44,1,4,3,5,0
objt45,1,4,4,5,0
objt46,2,2,2,1,1
objt47,2,3,3,1,1
objt48,2,2,3,1,0
objt49,2,2,4,1,0
objt50,2,3,2,1,0
objt51,2,3,4,1,0
objt52,2,4,2,1,0
objt53,2,4,3,1,0
objt54,2,4,4,1,0
objt55,2,2,2,2,0
objt56,2,2,3,2,0
objt57,2,2,4,2,0
objt58,2,3,2,2,0
objt59,2,3,3,2,0
objt60,2,3,4,2,0
objt61,2,4,2,2,0
objt62,2,4,3,2,0
objt63,2,4,4,2,0
objt64,2,2,2,3,0
objt65,2,2,3,3,0
objt66,2,2,4,3,0
objt67,2,3,2,3,0
objt68,2,3,3,3,0
objt69,2,3,4,3,0
objt70,2,4,2,3,0
objt71,2,4,3,3,0
objt72,2,4,4,3,0
objt73,2,2,2,4,0
objt74,2,2,3,4,0
objt75,2,2,4,4,0
objt76,2,3,2,4,0
objt77,2,3,3,4,0
objt78,2,3,4,4,0
objt79,2,4,2,4,0
objt80,2,4,3,4,0
objt81,2,4,4,4,0
objt82,2,2,2,5,0
objt83,2,2,3,5,0
objt84,2,2,4,5,0
objt85,2,3,2,5,0
objt86,2,3,3,5,0
objt87,2,3,4,5,0
objt88,2,4,2,5,0
objt89,2,4,3,5,0
objt90,2,4,4,5,0
objt91,3,2,3,5,1
objt92,3,2,3,2,1
objt93,3,2,2,1,0
objt94,3,2,3,1,0
objt95,3,2,4,1,0
objt96,3,3,2,1,0
objt97,3,3,3,1,0
objt98,3,3,4,1,0
objt99,3,4,2,1,0
objt100,3,4,3,1,0
objt101,3,4,4,1,0
objt102,3,2,2,2,0
objt103,3,2,4,2,0
objt104,3,3,2,2,0
objt105,3,3,3,2,0
objt106,3,3,4,2,0
objt107,3,4,2,2,0
objt108,3,4,3,2,0
objt109,3,4,4,2,0
objt110,3,2,2,3,0
objt111,3,2,3,3,0
objt112,3,2,4,3,0
objt113,3,3,2,3,0
objt114,3,3,3,3,0
objt115,3,3,4,3,0
objt116,3,4,2,3,0
objt117,3,4,3,3,0
objt118,3,4,4,3,0
objt119,3,2,2,4,0
objt120,3,2,3,4,0
objt121,3,2,4,4,0
objt122,3,3,2,4,0
objt123,3,3,3,4,0
objt124,3,3,4,4,0
objt125,3,4,2,4,0
objt126,3,4,3,4,0
objt127,3,4,4,4,0
objt128,3,2,2,5,0
objt129,3,2,4,5,0
objt130,3,3,2,5,0
objt131,3,3,3,5,0
objt132,3,3,4,5,0
objt133,3,4,2,5,0
objt134,3,4,3,5,0
objt135,3,4,4,5,0
objt136,4,4,2,4,1
objt137,4,4,3,3,1
objt138,4,2,2,1,0
objt139,4,2,3,1,0
objt140,4,2,4,1,0
objt141,4,3,2,1,0
objt142,4,3,3,1,0
objt143,4,3,4,1,0
objt144,4,4,2,1,0
objt145,4,4,3,1,0
objt146,4,4,4,1,0
objt147,4,2,2,2,0
objt148,4,2,3,2,0
objt149,4,2,4,2,0
objt150,4,3,2,2,0
objt151,4,3,3,2,0
objt152,4,3,4,2,0
objt153,4,4,2,2,0
objt154,4,4,3,2,0
objt155,4,4,4,2,0
objt156,4,2,2,3,0
objt157,4,2,3,3,0
objt158,4,2,4,3,0
objt159,4,3,2,3,0
objt160,4,3,3,3,0
objt161,4,3,4,3,0
objt162,4,4,2,3,0
objt163,4,4,4,3,0
objt164,4,2,2,4,0
objt165,4,2,3,4,0
objt166,4,2,4,4,0
objt167,4,3,2,4,0
objt168,4,3,3,4,0
objt168,4,3,4,4,0
objt169,4,4,3,4,0
objt170,4,4,4,4,0
objt171,4,2,2,5,0
objt172,4,2,3,5,0
objt173,4,2,4,5,0
objt174,4,3,2,5,0
objt175,4,3,3,5,0
objt176,4,3,4,5,0
objt177,4,4,2,5,0
objt178,4,4,3,5,0
objt179,4,4,4,5,0
objt180,5,4,4,1,1
objt181,5,2,2,1,0
objt182,5,2,3,1,0
objt183,5,2,4,1,0
objt184,5,3,2,1,0
objt185,5,3,3,1,0
objt186,5,3,4,1,0
objt187,5,4,2,1,0
objt188,5,4,3,1,0
objt189,5,2,2,2,0
objt190,5,2,3,2,0
objt191,5,2,4,2,0
objt192,5,3,2,2,0
objt193,5,3,3,2,0
objt194,5,3,4,2,0
objt195,5,4,2,2,0
objt196,5,4,3,2,0
objt197,5,4,4,2,0
objt198,5,2,2,3,0
objt199,5,2,3,3,0
objt200,5,2,4,3,0
objt201,5,3,2,3,0
objt202,5,3,3,3,0
objt203,5,3,4,3,0
objt204,5,4,2,3,0
objt205,5,4,3,3,0
objt206,5,4,4,3,0
objt207,5,2,2,4,0
objt208,5,2,3,4,0
objt209,5,2,4,4,0
objt210,5,3,2,4,0
objt211,5,3,3,4,0
objt212,5,3,4,4,0
objt213,5,4,2,4,0
objt214,5,4,3,4,0
objt215,5,4,4,4,0
objt216,5,2,2,5,0
objt217,5,2,3,5,0
objt218,5,2,4,5,0
objt219,5,3,2,5,0
objt220,5,3,3,5,0
objt221,5,3,4,5,0
objt222,5,4,2,5,0
objt223,5,4,3,5,0
objt224,5,4,4,5,0
objt225,6,3,3,5,6
objt226,6,2,2,1,0
objt227,6,2,3,1,0
objt228,6,2,4,1,0
objt229,6,3,2,1,0
objt230,6,3,3,1,0
objt231,6,3,4,1,0
objt232,6,4,2,1,0
objt233,6,4,3,1,0
objt234,6,4,4,1,0
objt235,6,2,2,2,0
objt236,6,2,3,2,0
objt237,6,2,4,2,0
objt238,6,3,2,2,0
objt239,6,3,3,2,0
objt240,6,3,4,2,0
objt241,6,4,2,2,0
objt242,6,4,3,2,0
objt243,6,4,4,2,0
objt244,6,2,2,3,0
objt245,6,2,3,3,0
objt246,6,2,4,3,0
objt247,6,3,2,3,0
objt248,6,3,3,3,0
objt249,6,3,4,3,0
objt250,6,4,2,3,0
objt251,6,4,3,3,0
objt252,6,4,4,3,0
objt253,6,2,2,4,0
objt254,6,2,3,4,0
objt255,6,2,4,4,0
objt256,6,3,2,4,0
objt257,6,3,3,4,0
objt258,6,3,4,4,0
objt259,6,4,2,4,0
objt260,6,4,3,4,0
objt261,6,4,4,4,0
objt262,6,2,2,5,0
objt263,6,2,3,5,0
objt264,6,2,4,5,0
objt265,6,3,2,5,0
objt266,6,3,4,5,0
objt267,6,4,2,5,0
objt268,6,4,3,5,0
objt268,6,4,4,5,0